frames 5940
windows 99
window-frames 60
dropped-windows 0
mean-cms 31460
digests 1
closed 0
# w first mean-ms max-ms poly-frames poly-max poly-mean digest blit-ms flush-ms wait-ms gpu2d-ms gpu3d-ms game-ms hostmap powcnt dispcnt-main dispcnt-sub
w 0 176.58 636.28 0 0 0 2D15D9A4EEC3B596 24.34 0.22 7.87 117.63 5.15 21.37 50581 820F 00011A10 00011A10
w 60 167.77 202.82 0 0 0 22C372881CE74261 24.75 0.22 8.36 123.37 5.26 5.81 52355 820F 00011A10 00011A10
w 120 167.13 169.98 0 0 0 9FD62C4169080144 24.75 0.22 8.28 123.35 5.25 5.28 52346 820F 00011A10 00011A10
w 180 167.69 195.21 0 0 0 BBF624E4FE637BEC 24.78 0.23 4.02 123.29 5.26 10.11 53075 820F 00011A10 00011A10
w 240 167.67 195.40 0 0 0 74CDF789429A4A39 24.77 0.22 3.35 123.35 5.25 10.73 53178 820F 00011A10 00011A10
w 300 167.11 170.22 0 0 0 97291CB186F01725 24.77 0.22 3.33 123.35 5.25 10.19 53170 820F 00011A10 00011A10
w 360 361.90 837.62 49 453 452 319BE95C240190E5 24.75 0.22 8.52 106.13 182.83 39.45 28459 020F 00010B18 40010E10
w 420 417.33 471.39 60 453 450 0DF6CE29B9BE2325 24.74 0.22 9.50 137.55 224.95 20.37 39060 020F 00010B18 40010F10
w 480 423.06 474.58 60 454 451 542B82564B5E2325 24.74 0.22 8.04 133.98 226.34 29.74 37206 020F 00010018 40010010
w 540 331.13 804.55 60 454 454 48E41D4DC3540325 24.74 0.22 7.29 56.93 214.32 27.63 23362 820F 00010110 00010810
w 600 282.19 347.25 60 454 454 66CC9E2F0DFE2325 24.75 0.22 8.13 55.63 189.13 4.33 26114 820F 00010110 00010810
w 660 280.24 330.08 60 454 454 A3DCD9349C5BA68E 24.75 0.22 9.33 53.62 185.73 6.59 26111 820F 00010110 00010810
w 720 284.89 319.24 60 454 454 F3C56ECE49956BAA 24.74 0.23 7.26 54.14 186.95 11.57 26554 820F 00010110 00010810
w 780 312.11 426.76 60 454 454 0D1FB7ABDF30022D 24.73 0.22 7.96 81.03 186.32 11.85 46172 820F 00010B10 00010810
w 840 317.69 347.51 60 454 454 FC5E217B9FC30E05 24.74 0.22 9.78 89.92 186.04 6.99 52159 820F 00010B10 00010810
w 900 315.40 354.41 60 454 454 A26B1C8AF49A87EA 24.75 0.22 8.19 85.90 187.03 9.31 52163 820F 00010B10 00010810
w 960 318.99 346.45 60 454 454 F903CEFFC608860B 24.74 0.22 7.90 83.41 187.50 15.22 52692 820F 00010B10 00010810
w 1020 319.19 344.29 60 454 454 DC3266D1EE5CBC5E 24.75 0.22 6.81 83.65 187.06 16.70 52904 820F 00010B10 00010810
w 1080 319.61 360.68 60 454 454 D26FDF41417EDB57 24.75 0.23 8.09 83.10 187.24 16.20 52941 820F 00010B10 00010810
w 1140 317.92 350.10 60 454 454 B9EB106599632CC1 24.75 0.22 8.58 84.33 186.92 13.12 52974 820F 00010B10 00010810
w 1200 323.42 560.21 60 454 454 49BC72D691C20E21 24.75 0.23 8.58 83.34 186.05 20.47 53416 820F 00010B10 00010810
w 1260 318.39 359.75 60 454 454 84858BDCE249790C 24.74 0.22 8.15 83.55 187.25 14.48 52563 820F 00010B10 00010810
w 1320 329.18 479.68 60 454 454 F70B49B2A0BECCF8 24.75 0.22 8.49 90.61 188.74 16.37 57902 820F 00010B10 00010C10
w 1380 331.82 361.87 60 454 454 045DFA43814DE53F 24.76 0.23 8.48 95.33 186.51 16.51 65713 820F 00010B10 00010C10
w 1440 330.04 369.73 60 454 454 1BFD1FFDD8783D23 24.76 0.22 8.67 95.35 187.54 13.50 65423 820F 00010B10 00010C10
w 1500 337.88 419.26 60 454 454 6F43FA09427ABA07 24.75 0.22 8.39 105.42 187.22 11.88 64957 820F 00010F10 00010810
w 1560 345.94 380.28 60 454 454 E658566B15D104EB 24.74 0.22 7.91 116.77 187.22 9.08 65633 820F 00010F10 00010810
w 1620 347.34 374.84 60 454 454 79FC8461C3DF796E 24.75 0.22 9.40 116.77 186.73 9.47 65683 820F 00010F10 00010810
w 1680 349.23 394.34 60 454 454 A6A05CA52A7FD5FC 24.76 0.23 8.24 117.44 186.85 11.71 65765 820F 00010F10 00010810
w 1740 354.78 388.54 60 454 454 CC34650877167A7A 24.75 0.24 9.51 118.13 187.11 15.04 65917 820F 00010F10 00010810
w 1800 354.70 414.58 60 454 454 73B58D493EDF893A 24.76 0.22 9.58 118.25 186.68 15.21 66100 820F 00010F10 00010810
w 1860 358.40 388.64 60 454 454 24DEFCA1AC781BAC 24.73 0.22 8.17 118.31 187.68 19.29 66490 820F 00010F10 00010810
w 1920 354.97 387.01 60 454 454 33AE06A7C694731B 24.74 0.23 9.22 118.07 187.54 15.17 66205 820F 00010F10 00010810
w 1980 355.38 380.99 60 454 454 BCCB0DB64C8990B0 24.74 0.22 9.47 118.61 186.46 15.88 66357 820F 00010F10 00010810
w 2040 353.52 393.75 60 454 454 1681C6D190A460A1 24.75 0.23 8.32 118.18 187.42 14.62 65911 820F 00010F10 00010810
w 2100 334.78 390.54 60 454 454 C8827D7D05E95788 24.72 0.23 8.61 101.38 187.71 12.13 62389 820F 00010B10 00010810
w 2160 313.02 370.36 60 454 454 B40D264531FAE930 24.71 0.22 8.13 82.30 187.79 9.87 52383 820F 00010B10 00010810
w 2220 313.32 335.60 60 454 454 8E89EF979DD21E8B 24.72 0.23 8.14 83.42 186.04 10.77 52479 820F 00010B10 00010810
w 2280 316.17 347.72 60 454 454 0E96A837785FCA55 24.72 0.22 9.79 83.61 187.52 10.31 52414 820F 00010B10 00010810
w 2340 313.05 346.39 60 454 454 CD9DA7216D5FF557 24.72 0.22 7.95 83.14 186.66 10.36 52412 820F 00010B10 00010810
w 2400 315.05 383.23 60 454 454 7657D96FC06EB6CA 24.73 0.22 9.43 83.37 186.53 10.77 52506 820F 00010B10 00010810
w 2460 318.67 496.77 60 454 454 6FAA165F7CB07E6A 24.72 0.23 7.85 83.54 187.52 14.81 51517 820F 00010B10 00010810
w 2520 323.42 369.65 60 454 454 C52AB85E478C78DF 24.72 0.23 8.54 93.58 186.21 10.14 62073 820F 00010F10 00010810
w 2580 331.72 374.36 60 454 454 4F19DAD0F43CCBF9 24.73 0.22 8.51 94.65 187.42 16.19 65555 820F 00010F10 00010810
w 2640 319.28 372.90 60 454 454 D60F524CD1DCEEEB 24.72 0.22 9.41 84.70 187.06 13.17 54213 820F 00010B10 00010810
w 2700 319.82 375.86 60 454 454 A3173E2D5B2325F0 24.72 0.22 8.59 83.24 187.43 15.62 52995 820F 00010B10 00010810
w 2760 316.21 364.94 60 454 454 961ED25B4E8CD652 24.73 0.23 9.82 82.99 186.88 11.56 52603 820F 00010B10 00010810
w 2820 344.89 945.34 60 454 454 27A354247C93A7C5 24.72 0.22 8.70 100.51 187.08 23.66 52212 020F 00013710 00010110
w 2880 343.31 386.03 60 454 454 C652843FD4DD282A 24.71 0.23 8.13 110.30 187.01 12.93 55316 020F 00013710 00010110
w 2940 356.16 884.75 60 454 454 6465C773FD60420E 24.72 0.23 8.10 114.02 186.98 22.11 53087 820F 00010B10 00010810
w 3000 321.40 388.21 60 454 454 8FC171C378DF2D61 24.70 0.22 9.71 84.58 187.74 14.45 52654 820F 00010B10 00010810
w 3060 317.10 414.20 60 454 454 FD4BAD003D53E840 24.73 0.23 9.58 81.88 187.06 13.62 51601 820F 00010B10 00010810
w 3120 318.44 359.83 60 454 454 C6C90C1ABC168CB1 24.79 0.22 8.61 84.88 187.67 12.27 52413 820F 00010B10 00010810
w 3180 322.74 362.12 60 454 454 DA1AB341035FD43A 24.75 0.22 8.11 83.67 186.48 19.51 53316 820F 00010B10 00010810
w 3240 318.41 394.12 60 454 454 9B8AFD17BF22BBC0 24.74 0.23 8.38 83.77 186.84 14.45 51791 820F 00010910 00010810
w 3300 316.87 359.23 60 454 454 681CD94CCFF53093 24.74 0.22 8.84 83.61 188.16 11.30 52221 820F 00010B10 00010810
w 3360 314.65 355.32 60 454 454 D3BB38741CAC20D5 24.75 0.22 7.63 83.22 186.92 11.91 52839 820F 00010B10 00010810
w 3420 321.62 528.67 60 454 454 728C9C5121971E4D 24.76 0.23 7.59 83.60 186.60 18.84 53234 820F 00010B10 00010810
w 3480 318.92 386.32 60 454 454 5DC16F5A3512FD77 24.74 0.23 8.83 83.54 187.70 13.88 52583 820F 00010B10 00010810
w 3540 316.93 407.74 60 454 454 C1AE214C35EE4B52 24.76 0.22 8.85 82.00 186.58 14.52 51738 820F 00010B10 00010810
w 3600 311.61 381.64 60 454 454 C8827D7D05E95788 24.76 0.22 7.67 82.98 186.19 9.79 52472 820F 00010B10 00010810
w 3660 316.95 381.10 60 454 454 16F8D5A379263076 24.75 0.23 9.56 82.79 187.20 12.42 52418 820F 00010B10 00010810
w 3720 320.33 352.48 60 454 454 D614DDACD19003D2 24.75 0.23 6.99 84.59 188.06 15.71 52879 820F 00010B10 00010810
w 3780 321.87 363.59 60 454 454 E093F977546AD301 24.76 0.23 8.47 83.30 187.75 17.36 52959 820F 00010B10 00010810
w 3840 320.07 361.64 60 454 454 B73EB3D5995135BA 24.75 0.22 8.29 84.20 187.50 15.11 52642 820F 00010B10 00010810
w 3900 317.19 365.42 60 454 454 C0CEF0BB988CA470 24.75 0.23 8.85 83.34 187.12 12.90 52464 820F 00010B10 00010810
w 3960 318.97 354.75 60 454 454 8110EA6048C459AD 24.75 0.22 8.08 84.59 187.17 14.16 52812 820F 00010B10 00010810
w 4020 319.68 355.87 60 454 454 7B13CA520D471F8D 24.75 0.22 7.19 83.87 187.34 16.31 53087 820F 00010B10 00010810
w 4080 307.54 364.75 60 454 454 96CD79D77499F325 24.77 0.23 7.77 76.93 187.70 10.14 45117 820F 00010910 00010810
w 4140 305.08 402.51 60 454 454 4FB3D70BD4ADE293 24.76 0.23 8.50 76.19 186.50 8.90 45097 820F 00010B10 00010810
w 4200 308.84 380.12 60 454 454 B6507C829CC33901 24.77 0.23 7.61 82.60 186.78 6.85 52071 820F 00010B10 00010810
w 4260 324.85 366.53 60 454 454 B3613CF6F87E56AD 24.76 0.23 9.06 82.39 187.86 20.55 52136 820F 00010B10 00010810
w 4320 327.70 643.99 60 454 454 156AD9514D9A2325 24.74 0.22 8.32 87.61 188.20 18.61 48616 820F 00010F10 00010010
w 4380 330.71 374.25 60 454 454 156AD9514D9A2325 24.75 0.23 8.63 103.63 187.19 6.28 51870 820F 00010F10 00010010
w 4440 335.18 517.59 60 454 454 156AD9514D9A2325 24.75 0.22 9.63 103.64 187.36 9.58 51884 820F 00010F10 00010010
w 4500 334.05 377.69 60 454 454 156AD9514D9A2325 24.75 0.22 9.78 103.66 187.54 8.10 52104 820F 00010F10 00010010
w 4560 333.31 373.48 60 454 454 156AD9514D9A2325 24.75 0.23 9.10 103.43 187.08 8.72 52179 820F 00010F10 00010010
w 4620 333.25 369.18 60 454 454 6CAFD0AF9B997A64 24.74 0.22 9.55 103.57 186.98 8.19 52093 820F 00010F10 00010010
w 4680 333.80 1212.43 60 454 454 9B52257CA33824F7 24.75 0.22 8.12 89.42 187.72 23.57 52140 820F 00010F10 00010010
w 4740 318.58 358.87 60 454 454 9B52257CA33824F7 24.75 0.22 8.62 89.57 186.66 8.76 52186 820F 00010F10 00010010
w 4800 318.70 382.42 60 454 454 B5820637CDB84CD9 24.76 0.22 7.45 89.45 187.70 9.12 52170 820F 00010F10 00010010
w 4860 317.90 340.92 60 454 454 B5820637CDB84CD9 24.74 0.22 8.31 89.43 186.95 8.25 52130 820F 00010F10 00010010
w 4920 318.94 360.69 60 454 454 D5947FF9093B1D01 24.75 0.22 8.29 89.35 187.72 8.61 52163 820F 00010F10 00010010
w 4980 318.70 354.75 60 454 454 D5947FF9093B1D01 24.74 0.22 8.75 89.34 187.04 8.61 52170 820F 00010F10 00010010
w 5040 318.78 364.99 60 454 454 6E4DAE6FAEC65977 24.74 0.22 8.87 89.30 187.14 8.51 52140 820F 00010F10 00010010
w 5100 317.83 358.90 60 454 454 6E4DAE6FAEC65977 24.74 0.22 8.62 89.40 186.65 8.20 52096 820F 00010F10 00010010
w 5160 310.55 772.25 60 454 454 156AD9514D9A2325 24.75 0.22 7.77 63.85 188.12 25.84 23782 820F 00010010 00010010
w 5220 332.04 3496.47 52 454 304 1AE549CB694ACB2F 24.76 0.22 7.60 88.34 129.21 81.91 46342 820F 00011F18 00010110
w 5280 292.51 314.15 60 289 289 03E371E64934E182 24.74 0.22 7.73 89.36 146.37 24.09 52760 820F 00011F18 00010110
w 5340 293.45 329.54 60 289 289 7823DA2766F229D7 24.75 0.22 8.50 89.15 146.52 24.31 52902 820F 00011F18 00010110
w 5400 290.44 351.16 60 289 289 929B6A0776596715 24.74 0.23 8.94 89.35 146.31 20.87 52590 820F 00011F18 00010110
w 5460 287.60 306.02 60 289 289 929B6A0776596715 24.76 0.22 9.69 89.09 146.89 16.95 52412 820F 00011F18 00010110
w 5520 289.08 313.15 60 289 289 929B6A0776596715 24.77 0.22 11.04 89.37 146.69 16.99 52435 820F 00011F18 00010110
w 5580 280.55 305.58 60 289 289 929B6A0776596715 24.75 0.23 5.73 89.40 146.34 14.10 52091 820F 00011F18 00010110
w 5640 299.76 559.88 60 289 289 156AD9514D9A2325 24.76 0.23 6.85 99.55 146.35 22.02 51096 820F 00011418 00010110
w 5700 345.79 1684.24 60 289 289 156AD9514D9A2325 24.77 0.23 8.31 158.22 118.79 35.47 135108 820F 00010010 00010011
w 5760 354.86 3492.95 52 289 289 DD8DE00AEE2E37E2 24.76 0.22 9.89 99.27 125.08 95.64 50588 820F 00011F18 00010110
w 5820 296.98 439.27 60 289 289 092DFD94FBC62FE9 24.75 0.22 7.21 90.51 146.37 27.92 53278 820F 00011F18 00010110
w 5880 292.41 321.25 60 289 289 5364AF8DD2EBBF16 24.76 0.22 10.82 90.55 146.27 19.79 52609 820F 00011F18 00010110
